compile::stdout 5
num = 7.10
num_int = 7
num2_reinterpret = 40800000
num3 = 8.520000
num5 = 0.123456789

compile::stderr 0

compile::return_code 0

